kernel line : count latency dram_traffic smem_bk_conflicts smem_warp gmem_access_generated gmem_warp exposed_latency warp_divergence
matrixMul.1.sm_75.ptx 329 : 1433600 9280032 0 0 0 0 0 0 0 
matrixMul.1.sm_75.ptx 328 : 1433600 56938816 0 0 0 179200 44800 0 0 
matrixMul.1.sm_75.ptx 327 : 1433600 14941312 0 0 0 0 0 0 0 
matrixMul.1.sm_75.ptx 326 : 1433600 15221440 0 0 0 0 0 0 0 
matrixMul.1.sm_75.ptx 325 : 1433600 10869984 0 0 0 0 0 0 0 
matrixMul.1.sm_75.ptx 324 : 1433600 17613568 0 0 0 0 0 0 0 
matrixMul.1.sm_75.ptx 323 : 1433600 10861504 0 0 0 0 0 0 0 
matrixMul.1.sm_75.ptx 322 : 1433600 15418016 0 0 0 0 0 0 0 
matrixMul.1.sm_75.ptx 321 : 1433600 10986080 0 0 0 0 0 0 0 
matrixMul.1.sm_75.ptx 320 : 1433600 16593632 0 0 0 0 0 0 0 
matrixMul.1.sm_75.ptx 319 : 1433600 10909568 0 0 0 0 0 0 0 
matrixMul.1.sm_75.ptx 318 : 1433600 10932992 0 0 0 0 0 0 0 
matrixMul.1.sm_75.ptx 315 : 14336000 104054432 0 0 0 0 0 0 0 
matrixMul.1.sm_75.ptx 314 : 14336000 121385888 0 0 0 0 0 0 0 
matrixMul.1.sm_75.ptx 313 : 14336000 139318688 0 0 0 0 0 0 0 
matrixMul.1.sm_75.ptx 312 : 14336000 139660896 0 0 0 0 0 0 0 
matrixMul.1.sm_75.ptx 311 : 14336000 71685184 0 0 0 0 0 0 0 
matrixMul.1.sm_75.ptx 310 : 14336000 86174368 0 0 0 0 0 0 0 
matrixMul.1.sm_75.ptx 309 : 14336000 514024512 0 448000 448000 0 0 0 0 
matrixMul.1.sm_75.ptx 308 : 14336000 511864096 0 448000 448000 0 0 0 0 
matrixMul.1.sm_75.ptx 307 : 14336000 86123904 0 0 0 0 0 0 0 
matrixMul.1.sm_75.ptx 306 : 14336000 527161120 0 448000 448000 0 0 0 0 
matrixMul.1.sm_75.ptx 305 : 14336000 525710176 0 448000 448000 0 0 0 0 
matrixMul.1.sm_75.ptx 304 : 14336000 86322144 0 0 0 0 0 0 0 
matrixMul.1.sm_75.ptx 303 : 14336000 530316224 0 448000 448000 0 0 0 0 
matrixMul.1.sm_75.ptx 302 : 14336000 529555808 0 448000 448000 0 0 0 0 
matrixMul.1.sm_75.ptx 301 : 14336000 86154496 0 0 0 0 0 0 0 
matrixMul.1.sm_75.ptx 300 : 14336000 533373088 0 448000 448000 0 0 0 0 
matrixMul.1.sm_75.ptx 299 : 14336000 532719584 0 448000 448000 0 0 0 0 
matrixMul.1.sm_75.ptx 298 : 14336000 86412160 0 0 0 0 0 0 0 
matrixMul.1.sm_75.ptx 297 : 14336000 534768192 0 448000 448000 0 0 0 0 
matrixMul.1.sm_75.ptx 296 : 14336000 534220608 0 448000 448000 0 0 0 0 
matrixMul.1.sm_75.ptx 295 : 14336000 86298368 0 0 0 0 0 0 0 
matrixMul.1.sm_75.ptx 294 : 14336000 536049952 0 448000 448000 0 0 0 0 
matrixMul.1.sm_75.ptx 293 : 14336000 535434688 0 448000 448000 0 0 0 0 
matrixMul.1.sm_75.ptx 292 : 14336000 86430560 0 0 0 0 0 0 0 
matrixMul.1.sm_75.ptx 291 : 14336000 536400096 0 448000 448000 0 0 0 0 
matrixMul.1.sm_75.ptx 290 : 14336000 535674048 0 448000 448000 0 0 0 0 
matrixMul.1.sm_75.ptx 289 : 14336000 86508448 0 0 0 0 0 0 0 
matrixMul.1.sm_75.ptx 288 : 14336000 537838176 0 448000 448000 0 0 0 0 
matrixMul.1.sm_75.ptx 287 : 14336000 537511360 0 448000 448000 0 0 0 0 
matrixMul.1.sm_75.ptx 286 : 14336000 86593696 0 0 0 0 0 0 0 
matrixMul.1.sm_75.ptx 285 : 14336000 539215072 0 448000 448000 0 0 0 0 
matrixMul.1.sm_75.ptx 284 : 14336000 538427360 0 448000 448000 0 0 0 0 
matrixMul.1.sm_75.ptx 283 : 14336000 86460928 0 0 0 0 0 0 0 
matrixMul.1.sm_75.ptx 282 : 14336000 540378368 0 448000 448000 0 0 0 0 
matrixMul.1.sm_75.ptx 281 : 14336000 540045760 0 448000 448000 0 0 0 0 
matrixMul.1.sm_75.ptx 280 : 14336000 86693312 0 0 0 0 0 0 0 
matrixMul.1.sm_75.ptx 279 : 14336000 540304320 0 448000 448000 0 0 0 0 
matrixMul.1.sm_75.ptx 278 : 14336000 539840064 0 448000 448000 0 0 0 0 
matrixMul.1.sm_75.ptx 277 : 14336000 86623456 0 0 0 0 0 0 0 
matrixMul.1.sm_75.ptx 276 : 14336000 541206112 0 448000 448000 0 0 0 0 
matrixMul.1.sm_75.ptx 275 : 14336000 540260800 0 448000 448000 0 0 0 0 
matrixMul.1.sm_75.ptx 274 : 14336000 86459328 0 0 0 0 0 0 0 
matrixMul.1.sm_75.ptx 273 : 14336000 541004096 0 448000 448000 0 0 0 0 
matrixMul.1.sm_75.ptx 272 : 14336000 540413408 0 448000 448000 0 0 0 0 
matrixMul.1.sm_75.ptx 271 : 14336000 86634144 0 0 0 0 0 0 0 
matrixMul.1.sm_75.ptx 270 : 14336000 542033888 0 448000 448000 0 0 0 0 
matrixMul.1.sm_75.ptx 269 : 14336000 541306816 0 448000 448000 0 0 0 0 
matrixMul.1.sm_75.ptx 268 : 14336000 86592960 0 0 0 0 0 0 0 
matrixMul.1.sm_75.ptx 215 : 14336000 553791392 0 448000 448000 0 0 0 0 
matrixMul.1.sm_75.ptx 214 : 14336000 71680000 0 0 0 0 0 0 0 
matrixMul.1.sm_75.ptx 213 : 14336000 50509376 0 448000 448000 0 0 0 0 
matrixMul.1.sm_75.ptx 212 : 14336000 2323546848 0 0 0 1792000 448000 0 0 
matrixMul.1.sm_75.ptx 211 : 14336000 129087968 0 0 0 0 0 0 0 
matrixMul.1.sm_75.ptx 210 : 14336000 129152064 0 0 0 0 0 0 0 
matrixMul.1.sm_75.ptx 209 : 14336000 130096832 0 0 0 0 0 0 0 
matrixMul.1.sm_75.ptx 208 : 14336000 117245632 0 448000 448000 0 0 0 0 
matrixMul.1.sm_75.ptx 207 : 14336000 2925354272 116992 0 0 1792000 448000 0 0 
matrixMul.1.sm_75.ptx 206 : 14336000 148089760 0 0 0 0 0 0 0 
matrixMul.1.sm_75.ptx 205 : 14336000 153174176 0 0 0 0 0 0 0 
matrixMul.1.sm_75.ptx 204 : 14336000 154036736 0 0 0 0 0 0 0 
matrixMul.1.sm_75.ptx 201 : 1433600 10380608 0 0 0 0 0 0 0 
matrixMul.1.sm_75.ptx 200 : 1433600 10112128 0 0 0 0 0 0 0 
matrixMul.1.sm_75.ptx 199 : 1433600 10383200 0 0 0 0 0 0 0 
matrixMul.1.sm_75.ptx 198 : 1433600 9882048 0 0 0 0 0 0 0 
matrixMul.1.sm_75.ptx 197 : 1433600 14281920 0 0 0 0 0 0 0 
matrixMul.1.sm_75.ptx 196 : 1433600 14284960 0 0 0 0 0 0 0 
matrixMul.1.sm_75.ptx 195 : 1433600 14592992 0 0 0 0 0 0 0 
matrixMul.1.sm_75.ptx 194 : 1433600 9844352 0 0 0 0 0 0 0 
matrixMul.1.sm_75.ptx 193 : 1433600 16572544 0 0 0 0 0 0 0 
matrixMul.1.sm_75.ptx 192 : 1433600 14910464 0 0 0 0 0 0 0 
matrixMul.1.sm_75.ptx 178 : 1433600 14432960 0 0 0 0 0 0 0 
matrixMul.1.sm_75.ptx 177 : 1433600 14951008 0 0 0 0 0 0 0 
matrixMul.1.sm_75.ptx 176 : 1433600 9968576 0 0 0 0 0 0 0 
matrixMul.1.sm_75.ptx 175 : 1433600 14050016 0 0 0 0 0 0 0 
matrixMul.1.sm_75.ptx 174 : 1433600 8838720 0 0 0 0 0 0 0 
matrixMul.1.sm_75.ptx 173 : 1433600 20108224 0 0 0 0 0 0 0 
matrixMul.1.sm_75.ptx 172 : 1433600 19486048 0 0 0 0 0 0 0 
matrixMul.1.sm_75.ptx 171 : 1433600 20042784 0 0 0 0 0 0 0 
matrixMul.1.sm_75.ptx 217 : 14336000 87307136 0 0 0 0 0 0 0 
matrixMul.1.sm_75.ptx 170 : 1433600 18319936 0 0 0 0 0 0 0 
matrixMul.1.sm_75.ptx 267 : 14336000 541859104 0 448000 448000 0 0 0 0 
matrixMul.1.sm_75.ptx 216 : 14336000 564106624 0 448000 448000 0 0 0 0 
matrixMul.1.sm_75.ptx 169 : 1433600 17555200 0 0 0 0 0 0 0 
matrixMul.1.sm_75.ptx 266 : 14336000 541221472 0 448000 448000 0 0 0 0 
matrixMul.1.sm_75.ptx 179 : 1433600 10174432 0 0 0 0 0 0 0 
matrixMul.1.sm_75.ptx 180 : 1433600 10105376 0 0 0 0 0 0 0 
matrixMul.1.sm_75.ptx 181 : 1433600 9896480 0 0 0 0 0 0 0 
matrixMul.1.sm_75.ptx 182 : 1433600 0 0 0 0 0 0 0 0 
matrixMul.1.sm_75.ptx 184 : 1433600 10280736 0 0 0 0 0 0 0 
matrixMul.1.sm_75.ptx 185 : 1433600 10152768 0 0 0 0 0 0 0 
matrixMul.1.sm_75.ptx 186 : 1433600 10116864 0 0 0 0 0 0 0 
matrixMul.1.sm_75.ptx 187 : 1433600 15959648 0 0 0 0 0 0 0 
matrixMul.1.sm_75.ptx 188 : 1433600 10300192 0 0 0 0 0 0 0 
matrixMul.1.sm_75.ptx 189 : 1433600 10105536 0 0 0 0 0 0 0 
matrixMul.1.sm_75.ptx 190 : 1433600 14453984 0 0 0 0 0 0 0 
matrixMul.1.sm_75.ptx 191 : 1433600 10285376 0 0 0 0 0 0 0 
matrixMul.1.sm_75.ptx 218 : 14336000 558248288 0 448000 448000 0 0 0 0 
matrixMul.1.sm_75.ptx 219 : 14336000 567968960 0 448000 448000 0 0 0 0 
matrixMul.1.sm_75.ptx 220 : 14336000 86425632 0 0 0 0 0 0 0 
matrixMul.1.sm_75.ptx 221 : 14336000 556249376 0 448000 448000 0 0 0 0 
matrixMul.1.sm_75.ptx 222 : 14336000 557843104 0 448000 448000 0 0 0 0 
matrixMul.1.sm_75.ptx 223 : 14336000 86648736 0 0 0 0 0 0 0 
matrixMul.1.sm_75.ptx 224 : 14336000 551767584 0 448000 448000 0 0 0 0 
matrixMul.1.sm_75.ptx 225 : 14336000 553823008 0 448000 448000 0 0 0 0 
matrixMul.1.sm_75.ptx 226 : 14336000 86476640 0 0 0 0 0 0 0 
matrixMul.1.sm_75.ptx 227 : 14336000 550290944 0 448000 448000 0 0 0 0 
matrixMul.1.sm_75.ptx 228 : 14336000 551498688 0 448000 448000 0 0 0 0 
matrixMul.1.sm_75.ptx 229 : 14336000 86475936 0 0 0 0 0 0 0 
matrixMul.1.sm_75.ptx 230 : 14336000 548109248 0 448000 448000 0 0 0 0 
matrixMul.1.sm_75.ptx 231 : 14336000 549979488 0 448000 448000 0 0 0 0 
matrixMul.1.sm_75.ptx 232 : 14336000 86286304 0 0 0 0 0 0 0 
matrixMul.1.sm_75.ptx 233 : 14336000 547727136 0 448000 448000 0 0 0 0 
matrixMul.1.sm_75.ptx 234 : 14336000 548484992 0 448000 448000 0 0 0 0 
matrixMul.1.sm_75.ptx 235 : 14336000 86413344 0 0 0 0 0 0 0 
matrixMul.1.sm_75.ptx 236 : 14336000 546886816 0 448000 448000 0 0 0 0 
matrixMul.1.sm_75.ptx 237 : 14336000 547705728 0 448000 448000 0 0 0 0 
matrixMul.1.sm_75.ptx 238 : 14336000 86460256 0 0 0 0 0 0 0 
matrixMul.1.sm_75.ptx 239 : 14336000 546645472 0 448000 448000 0 0 0 0 
matrixMul.1.sm_75.ptx 240 : 14336000 547347872 0 448000 448000 0 0 0 0 
matrixMul.1.sm_75.ptx 241 : 14336000 86591616 0 0 0 0 0 0 0 
matrixMul.1.sm_75.ptx 242 : 14336000 545065824 0 448000 448000 0 0 0 0 
matrixMul.1.sm_75.ptx 243 : 14336000 546916448 0 448000 448000 0 0 0 0 
matrixMul.1.sm_75.ptx 244 : 14336000 86344352 0 0 0 0 0 0 0 
matrixMul.1.sm_75.ptx 245 : 14336000 545439328 0 448000 448000 0 0 0 0 
matrixMul.1.sm_75.ptx 246 : 14336000 546959072 0 448000 448000 0 0 0 0 
matrixMul.1.sm_75.ptx 247 : 14336000 86688736 0 0 0 0 0 0 0 
matrixMul.1.sm_75.ptx 248 : 14336000 544193280 0 448000 448000 0 0 0 0 
matrixMul.1.sm_75.ptx 249 : 14336000 545832704 0 448000 448000 0 0 0 0 
matrixMul.1.sm_75.ptx 250 : 14336000 86458464 0 0 0 0 0 0 0 
matrixMul.1.sm_75.ptx 251 : 14336000 544927360 0 448000 448000 0 0 0 0 
matrixMul.1.sm_75.ptx 252 : 14336000 545575360 0 448000 448000 0 0 0 0 
matrixMul.1.sm_75.ptx 253 : 14336000 86443808 0 0 0 0 0 0 0 
matrixMul.1.sm_75.ptx 254 : 14336000 543996896 0 448000 448000 0 0 0 0 
matrixMul.1.sm_75.ptx 255 : 14336000 544688288 0 448000 448000 0 0 0 0 
matrixMul.1.sm_75.ptx 256 : 14336000 86658912 0 0 0 0 0 0 0 
matrixMul.1.sm_75.ptx 257 : 14336000 543256160 0 448000 448000 0 0 0 0 
matrixMul.1.sm_75.ptx 258 : 14336000 544070176 0 448000 448000 0 0 0 0 
matrixMul.1.sm_75.ptx 259 : 14336000 86546784 0 0 0 0 0 0 0 
matrixMul.1.sm_75.ptx 260 : 14336000 542282816 0 448000 448000 0 0 0 0 
matrixMul.1.sm_75.ptx 261 : 14336000 543335680 0 448000 448000 0 0 0 0 
matrixMul.1.sm_75.ptx 262 : 14336000 86584576 0 0 0 0 0 0 0 
matrixMul.1.sm_75.ptx 263 : 14336000 542491392 0 448000 448000 0 0 0 0 
matrixMul.1.sm_75.ptx 264 : 14336000 542769952 0 448000 448000 0 0 0 0 
matrixMul.1.sm_75.ptx 265 : 14336000 86441984 0 0 0 0 0 0 0 
